9024,1870
9024,4552
9024,4689
9024,5273
1889,1870
1889,4552
1889,5273
1889,9731
3841,3613
3841,4552
3841,5273
3841,5722
4323,4552
4323,4689
4323,5160
4323,5273
4323,5722
5283,1869
5283,3613
5283,4552
5283,5273
5283,9731
8804,1870
8804,3613
8804,4689
8804,5273
1798,1225
1798,3613
1798,4552
1798,4689
1798,5722
1798,9731
1798,9997
8167,1870
8167,4552
8167,5160
8167,5722
2984,1225
3402,1870
3402,5160
3402,5273
3402,9997
970,1225
970,3613
970,4689
970,5273
970,1870
4943,1870
4943,3613
4943,4552
4943,5160
4943,5722
2224,1225
2224,1870
2224,3613
2224,4689
2224,5722
2224,9997
3089,5160
3089,9731
3508,1869
3508,1870
3508,4552
3508,5160
3508,5722
3508,9731
1653,1225
1653,1870
1653,4689
1653,5160
1653,5273
1653,9731
8725,1869
8725,1870
8725,4552
8725,5160
695,4552
695,4689
695,5722
695,9731
695,9997
695,1870
475,1869
475,5160
4507,1869
4507,1870
4507,4552
4507,4689
6686,4552
6686,4689
6686,5273
6815,1870
6815,4552
6815,5160
